1011645233724043266
1012725916483641344
1015775739868835843
1016163176226926593
1016462426152132608
1016509762232602625
1016701223519604738
1016757277984882688
1016804923122515969
1017274416840040448
1017621661795995653
1017907633532137472
1018240214634938368
1018445902980243456
1018590801356468224
1018591384435953666
1018592589400829952
1018605739718336512
1018606945563901952
1018883674664681472
1018943871005306880
1018944450226106368
1018963221577809920
1018963222559318016
1018963225050615808
1018984894679007232
1018985135423623170
1019250229382545409
1019250424296062976
1019341873792651265
